global MX3 MY3 MZ3 MX2 MY2 MZ2 MX1 MY1 MZ1
global XX3 XX2 YY3 YY2 ZZ3 ZZ2 XX1 YY1 ZZ1
global XY1 XY2 XY3 XZ1 XZ2 XZ3 YZ1 YZ2 YZ3 
global d1 d2 d3 M1 M2 M3
global IA1 IA2 IA3 G3 links

IA1=0.0; IA2=0.0; IA3=0.0;
M1=1.0; M2=1.0;M3=1.0;
MX3=0.5;MY3=0.0; MZ3=0.0;
MX2=0.0;MY2=0.0;MZ2=0.0;
MX1=0.0;MY1=0.0;MZ1=0.0; 
XX3=0.0; XX2=0.0;XX1=0.0; 
XY3=0.0; XY2=0.0;XY1=0.0;
XZ1=0.0;XZ2=0.0;XZ3=0.0; 
YY1=0.2;YY2=0.2;YY3=0.2;
YZ1=0.0;YZ2=0.0;YZ3=0.0; 
ZZ3=1.0;ZZ2=1.0; ZZ1=1.0;
G3=0.0;


links=3;
steps=[2,3,1];
d1=0.0;
d2=2.0;
d3=0.75;